#CONFIG
rows: 10
columns: 10
aliveCells: 30
steps: 0
pattern: block
maxAttempts: 10
#ENDCONFIG
0 0 0 0 0 0 0 0 1 1 
0 1 1 1 0 0 0 1 1 1 
0 0 0 0 0 1 1 0 0 1 
1 0 0 0 0 0 1 1 0 0 
0 1 0 0 1 1 1 1 1 0 
0 1 0 0 1 1 0 0 0 0 
0 0 1 0 1 0 0 0 0 0 
0 0 0 0 1 1 1 0 0 0 
0 0 1 0 1 1 1 0 0 0 
0 0 0 0 0 1 1 0 0 0 
---
0 0 1 0 0 0 0 1 0 1 
0 0 1 0 0 0 1 1 0 0 
0 1 1 0 0 1 0 0 0 1 
0 0 0 0 1 0 0 0 0 0 
1 1 0 0 1 0 0 0 1 0 
0 1 1 0 0 0 0 1 0 0 
0 0 0 0 0 0 1 0 0 0 
0 0 0 0 0 0 1 0 0 0 
0 0 0 1 0 0 0 1 0 0 
0 0 0 0 1 0 1 0 0 0 
---
0 0 0 0 0 0 1 1 1 0 
0 0 1 1 0 0 1 1 0 0 
0 1 1 1 0 1 1 0 0 0 
1 0 1 1 1 1 0 0 0 0 
1 1 1 1 0 0 0 0 0 0 
1 1 1 0 0 0 0 1 0 0 
0 0 0 0 0 0 1 1 0 0 
0 0 0 0 0 0 1 1 0 0 
0 0 0 0 0 1 1 1 0 0 
0 0 0 0 0 0 0 0 0 0 
---
0 0 0 0 0 0 1 0 1 0 
0 1 0 1 1 0 0 0 1 0 
0 0 0 0 0 0 0 1 0 0 
1 0 0 0 0 1 1 0 0 0 
0 0 0 0 0 0 0 0 0 0 
1 0 0 1 0 0 1 1 0 0 
0 1 0 0 0 0 0 0 1 0 
0 0 0 0 0 0 0 0 1 0 
0 0 0 0 0 1 0 1 0 0 
0 0 0 0 0 0 1 0 0 0 
---
0 0 0 0 0 0 0 1 0 0 
0 0 0 0 0 0 0 0 1 0 
0 0 0 0 1 1 1 1 0 0 
0 0 0 0 0 0 1 0 0 0 
0 0 0 0 0 1 0 1 0 0 
0 0 0 0 0 0 0 1 0 0 
0 0 0 0 0 0 0 0 1 0 
0 0 0 0 0 0 0 1 1 0 
0 0 0 0 0 0 1 1 0 0 
0 0 0 0 0 0 1 0 0 0 
---
0 0 0 0 0 0 0 0 0 0 
0 0 0 0 0 1 0 0 1 0 
0 0 0 0 0 1 1 1 0 0 
0 0 0 0 1 0 0 0 0 0 
0 0 0 0 0 0 0 1 0 0 
0 0 0 0 0 0 1 1 1 0 
0 0 0 0 0 0 0 0 1 0 
0 0 0 0 0 0 1 0 1 0 
0 0 0 0 0 0 1 0 1 0 
0 0 0 0 0 0 1 1 0 0 
---
0 0 0 0 0 0 0 0 0 0 
0 0 0 0 0 1 0 1 0 0 
0 0 0 0 1 1 1 1 0 0 
0 0 0 0 0 1 0 1 0 0 
0 0 0 0 0 0 1 1 1 0 
0 0 0 0 0 0 1 0 1 0 
0 0 0 0 0 0 1 0 1 1 
0 0 0 0 0 0 0 0 1 1 
0 0 0 0 0 1 1 0 1 0 
0 0 0 0 0 0 1 1 0 0 
---
0 0 0 0 0 0 0 0 0 0 
0 0 0 0 1 1 0 1 0 0 
0 0 0 0 1 0 0 1 1 0 
0 0 0 0 1 0 0 0 0 0 
0 0 0 0 0 1 0 0 1 0 
0 0 0 0 0 1 1 0 0 0 
0 0 0 0 0 0 0 0 0 0 
0 0 0 0 0 1 1 0 0 0 
0 0 0 0 0 1 1 0 1 1 
0 0 0 0 0 1 1 1 0 0 
---
0 0 0 0 0 0 0 0 0 0 
0 0 0 0 1 1 1 1 1 0 
0 0 0 1 1 0 1 1 1 0 
0 0 0 0 1 1 0 1 1 0 
0 0 0 0 1 1 1 0 0 0 
0 0 0 0 0 1 1 0 0 0 
0 0 0 0 0 0 0 0 0 0 
0 0 0 0 0 1 1 1 0 0 
0 0 0 0 1 0 0 0 1 0 
0 0 0 0 0 1 0 1 1 0 
---
0 0 0 0 0 1 1 1 0 0 
0 0 0 1 1 0 0 0 1 0 
0 0 0 1 0 0 0 0 0 1 
0 0 0 0 0 0 0 0 1 0 
0 0 0 0 0 0 0 0 0 0 
0 0 0 0 1 0 1 0 0 0 
0 0 0 0 0 0 0 1 0 0 
0 0 0 0 0 1 1 1 0 0 
0 0 0 0 1 0 0 0 1 0 
0 0 0 0 0 0 0 1 1 0 
---
0 0 0 0 1 1 1 1 0 0 
0 0 0 1 1 1 1 1 1 0 
0 0 0 1 1 0 0 0 1 1 
0 0 0 0 0 0 0 0 0 0 
0 0 0 0 0 0 0 0 0 0 
0 0 0 0 0 0 0 0 0 0 
0 0 0 0 0 0 0 1 0 0 
0 0 0 0 0 1 1 1 1 0 
0 0 0 0 0 1 0 0 1 0 
0 0 0 0 0 0 0 1 1 0 
---
0 0 0 1 0 0 0 0 1 0 
0 0 0 0 0 0 0 0 0 1 
0 0 0 1 0 0 1 0 1 1 
0 0 0 0 0 0 0 0 0 0 
0 0 0 0 0 0 0 0 0 0 
0 0 0 0 0 0 0 0 0 0 
0 0 0 0 0 0 0 1 1 0 
0 0 0 0 0 1 0 0 1 0 
0 0 0 0 0 1 0 0 0 1 
0 0 0 0 0 0 0 1 1 0 
---
0 0 0 0 0 0 0 0 0 0 
0 0 0 0 0 0 0 1 0 1 
0 0 0 0 0 0 0 0 1 1 
0 0 0 0 0 0 0 0 0 0 
0 0 0 0 0 0 0 0 0 0 
0 0 0 0 0 0 0 0 0 0 
0 0 0 0 0 0 0 1 1 0 
0 0 0 0 0 0 1 1 1 1 
0 0 0 0 0 0 1 1 0 1 
0 0 0 0 0 0 0 0 1 0 
---
0 0 0 0 0 0 0 0 0 0 
0 0 0 0 0 0 0 0 0 1 
0 0 0 0 0 0 0 0 1 1 
0 0 0 0 0 0 0 0 0 0 
0 0 0 0 0 0 0 0 0 0 
0 0 0 0 0 0 0 0 0 0 
0 0 0 0 0 0 1 0 0 1 
0 0 0 0 0 0 0 0 0 1 
0 0 0 0 0 0 1 0 0 1 
0 0 0 0 0 0 0 1 1 0 
---
0 0 0 0 0 0 0 0 0 0 
0 0 0 0 0 0 0 0 1 1 
0 0 0 0 0 0 0 0 1 1 
0 0 0 0 0 0 0 0 0 0 
0 0 0 0 0 0 0 0 0 0 
0 0 0 0 0 0 0 0 0 0 
0 0 0 0 0 0 0 0 0 0 
0 0 0 0 0 0 0 0 1 1 
0 0 0 0 0 0 0 1 0 1 
0 0 0 0 0 0 0 1 1 0 
---
0 0 0 0 0 0 0 0 0 0 
0 0 0 0 0 0 0 0 1 1 
0 0 0 0 0 0 0 0 1 1 
0 0 0 0 0 0 0 0 0 0 
0 0 0 0 0 0 0 0 0 0 
0 0 0 0 0 0 0 0 0 0 
0 0 0 0 0 0 0 0 0 0 
0 0 0 0 0 0 0 0 1 1 
0 0 0 0 0 0 0 1 0 1 
0 0 0 0 0 0 0 1 1 0 
---
0 0 0 0 0 0 0 0 0 0 
0 0 0 0 0 0 0 0 1 1 
0 0 0 0 0 0 0 0 1 1 
0 0 0 0 0 0 0 0 0 0 
0 0 0 0 0 0 0 0 0 0 
0 0 0 0 0 0 0 0 0 0 
0 0 0 0 0 0 0 0 0 0 
0 0 0 0 0 0 0 0 1 1 
0 0 0 0 0 0 0 1 0 1 
0 0 0 0 0 0 0 1 1 0 
---
0 0 0 0 0 0 0 0 0 0 
0 0 0 0 0 0 0 0 1 1 
0 0 0 0 0 0 0 0 1 1 
0 0 0 0 0 0 0 0 0 0 
0 0 0 0 0 0 0 0 0 0 
0 0 0 0 0 0 0 0 0 0 
0 0 0 0 0 0 0 0 0 0 
0 0 0 0 0 0 0 0 1 1 
0 0 0 0 0 0 0 1 0 1 
0 0 0 0 0 0 0 1 1 0 
---
0 0 0 0 0 0 0 0 0 0 
0 0 0 0 0 0 0 0 1 1 
0 0 0 0 0 0 0 0 1 1 
0 0 0 0 0 0 0 0 0 0 
0 0 0 0 0 0 0 0 0 0 
0 0 0 0 0 0 0 0 0 0 
0 0 0 0 0 0 0 0 0 0 
0 0 0 0 0 0 0 0 1 1 
0 0 0 0 0 0 0 1 0 1 
0 0 0 0 0 0 0 1 1 0 
---
0 0 0 0 0 0 0 0 0 0 
0 0 0 0 0 0 0 0 1 1 
0 0 0 0 0 0 0 0 1 1 
0 0 0 0 0 0 0 0 0 0 
0 0 0 0 0 0 0 0 0 0 
0 0 0 0 0 0 0 0 0 0 
0 0 0 0 0 0 0 0 0 0 
0 0 0 0 0 0 0 0 1 1 
0 0 0 0 0 0 0 1 0 1 
0 0 0 0 0 0 0 1 1 0 
---
