0 00 00 00 00 00 00 01 11 10 00 00 00 00 00 00 00 00 00 00 0
0 00 00 00 00 00 01 10 00 01 11 11 10 00 00 00 00 00 00 00 0
1 11 10 00 00 00 00 00 00 00 01 10 00 00 01 11 10 00 00 00 0
0 00 00 00 00 01 10 00 00 00 00 00 00 00 01 10 00 00 00 00 0
0 01 10 01 10 00 00 01 11 10 00 00 01 10 00 01 11 10 00 00 0
1 11 11 11 10 00 00 01 10 00 00 00 00 01 11 11 10 00 00 00 0
1 10 00 00 00 01 10 00 00 01 10 00 00 00 01 10 00 00 00 00 0
1 10 01 11 11 10 00 00 00 00 00 01 10 00 00 00 00 00 00 00 0
0 01 10 01 10 00 01 11 11 11 11 10 01 10 00 00 00 00 00 00 0
0 01 10 00 00 00 01 11 10 01 10 00 01 10 00 00 00 00 00 00 0
0 00 00 00 00 01 11 10 01 10 01 10 00 00 00 00 00 00 00 00 0
0 00 00 00 00 01 11 10 00 01 10 01 10 00 00 00 01 11 10 00 0
0 00 00 00 00 01 11 10 00 00 00 00 00 00 00 00 01 11 10 00 0
0 00 00 00 00 00 00 00 00 00 00 00 01 11 10 00 01 10 00 00 0
0 00 00 00 00 00 00 00 00 00 00 00 01 10 00 01 11 10 00 00 0
0 00 00 00 00 00 00 00 00 00 00 00 00 00 00 00 01 10 01 10 0
0 00 00 00 01 11 11 11 11 11 10 01 10 00 00 01 11 11 10 00 0
0 00 00 01 10 01 11 10 01 10 00 00 00 01 11 10 00 00 00 00 0
0 00 00 00 00 00 01 11 10 00 00 00 01 11 10 01 10 00 00 00 0
0 00 00 00 00 00 00 00 00 00 00 00 00 00 00 00 00 00 00 00 0
---
0 00 00 00 00 00 00 01 11 11 11 10 00 00 00 00 00 00 00 00 0
0 00 00 00 00 00 00 01 11 11 11 11 10 00 00 00 00 00 00 00 0
0 00 00 00 00 00 00 00 00 01 11 11 10 00 01 11 10 00 00 00 0
1 11 11 10 00 00 00 00 00 00 00 00 00 01 11 10 01 10 00 00 0
1 11 10 01 11 10 01 11 11 10 00 00 00 00 00 00 01 10 00 00 0
1 10 00 01 11 10 01 11 10 00 00 00 00 01 10 00 01 10 00 00 0
1 10 00 00 00 00 00 00 00 00 00 00 00 01 11 11 10 00 00 00 0
1 10 01 11 11 11 11 11 10 00 00 01 10 00 00 00 00 00 00 00 0
1 11 10 01 11 11 11 10 00 01 11 10 01 10 00 00 00 00 00 00 0
0 00 01 10 00 00 00 00 00 00 00 00 00 00 00 00 00 00 00 00 0
0 00 00 00 00 00 00 00 01 10 01 11 10 00 00 00 00 00 00 00 0
0 00 00 00 01 10 00 00 00 01 11 10 00 00 00 00 01 11 10 00 0
0 00 00 00 00 01 11 10 00 00 00 00 01 10 00 01 10 00 00 00 0
0 00 00 00 00 00 00 00 00 00 00 00 01 11 10 00 00 00 00 00 0
0 00 00 00 00 00 00 00 00 00 00 00 01 11 10 01 11 10 00 00 0
0 00 00 00 00 01 11 11 11 10 00 00 00 00 00 00 00 00 00 00 0
0 00 00 00 01 10 00 00 01 11 10 00 00 00 01 11 11 11 10 00 0
0 00 00 00 00 00 00 00 00 01 10 00 00 01 10 00 00 00 00 00 0
0 00 00 00 00 01 11 11 10 00 00 00 01 11 10 00 00 00 00 00 0
0 00 00 00 00 00 00 00 00 00 00 00 00 00 00 00 00 00 00 00 0
---
0 00 00 00 00 00 00 01 10 00 00 01 10 00 00 00 00 00 00 00 0
0 00 00 00 00 00 00 01 10 00 00 00 00 00 00 00 00 00 00 00 0
0 01 10 00 00 00 00 00 00 00 00 01 11 11 11 11 10 00 00 00 0
1 10 01 11 10 00 00 01 11 11 11 10 00 01 11 10 01 10 00 00 0
0 00 00 00 01 10 01 10 01 10 00 00 00 01 11 10 01 11 10 00 0
1 10 01 11 11 10 01 10 01 10 00 00 00 01 10 00 01 10 00 00 0
1 10 01 10 00 00 00 00 00 00 00 00 01 11 11 11 10 00 00 00 0
1 10 01 10 00 00 00 01 10 00 01 11 11 11 11 10 00 00 00 00 0
1 10 00 00 00 00 00 01 10 00 01 11 10 00 00 00 00 00 00 00 0
0 01 11 11 11 11 10 00 00 00 00 00 00 00 00 00 00 00 00 00 0
0 00 00 00 00 00 00 00 00 00 01 11 10 00 00 00 00 00 00 00 0
0 00 00 00 00 01 10 00 00 01 11 10 00 00 00 00 01 10 00 00 0
0 00 00 00 00 01 10 00 00 00 00 01 11 11 10 00 01 10 00 00 0
0 00 00 00 00 00 00 00 00 00 00 01 10 00 00 01 11 10 00 00 0
0 00 00 00 00 00 01 11 10 00 00 00 01 11 11 10 00 00 00 00 0
0 00 00 00 00 01 11 11 11 11 10 00 00 01 10 00 00 01 10 00 0
0 00 00 00 00 01 11 10 00 01 10 00 00 00 01 11 11 10 00 00 0
0 00 00 00 00 01 11 11 10 01 10 00 01 11 10 01 11 10 00 00 0
0 00 00 00 00 00 01 10 00 00 00 00 01 11 10 00 00 00 00 00 0
0 00 00 00 00 00 01 10 00 00 00 00 00 00 00 00 00 00 00 00 0
---
0 00 00 00 00 00 00 00 00 00 00 00 00 00 00 00 00 00 00 00 0
0 00 00 00 00 00 00 00 00 00 00 01 10 01 11 10 00 00 00 00 0
0 01 11 10 00 00 00 01 10 01 11 11 11 10 00 01 10 00 00 00 0
0 01 11 11 10 00 00 01 11 11 11 11 10 00 00 00 01 11 10 00 0
0 00 00 00 01 10 01 10 00 00 00 00 01 10 00 00 01 11 10 00 0
0 00 01 10 01 10 00 00 00 00 00 00 00 00 00 00 01 11 10 00 0
1 10 01 10 00 00 00 01 10 00 00 00 00 00 00 01 10 00 00 00 0
1 10 00 00 00 00 00 00 00 00 01 10 00 00 00 01 10 00 00 00 0
1 10 00 00 01 10 01 10 00 00 01 10 00 01 10 00 00 00 00 00 0
0 01 11 11 11 10 00 00 00 00 00 00 00 00 00 00 00 00 00 00 0
0 00 01 11 10 01 10 00 00 01 11 11 10 00 00 00 00 00 00 00 0
0 00 00 00 00 00 00 00 00 01 10 00 00 00 00 00 00 00 00 00 0
0 00 00 00 00 00 00 00 00 00 00 01 11 10 00 00 01 11 10 00 0
0 00 00 00 00 00 01 10 00 00 00 01 10 00 00 01 11 10 00 00 0
0 00 00 00 00 01 10 00 00 00 00 00 01 11 11 11 11 10 00 00 0
0 00 00 00 00 00 00 00 00 01 10 00 01 10 00 00 01 10 00 00 0
0 00 00 00 01 10 00 00 00 01 11 10 01 10 00 00 00 01 10 00 0
0 00 00 00 00 00 00 01 11 10 00 00 01 10 00 00 01 10 00 00 0
0 00 00 00 00 00 00 00 00 00 00 00 01 11 11 10 00 00 00 00 0
0 00 00 00 00 00 00 00 00 00 00 00 00 00 00 00 00 00 00 00 0
---
0 00 00 00 00 00 00 00 00 00 00 00 00 00 00 00 00 00 00 00 0
0 00 00 00 00 00 00 00 00 00 00 01 10 01 11 10 00 00 00 00 0
0 01 10 01 10 00 00 01 10 00 00 00 00 01 11 11 11 10 00 00 0
0 01 10 01 10 00 01 11 10 00 00 00 00 00 00 01 10 01 10 00 0
0 01 10 00 01 11 10 01 11 11 11 11 10 00 00 01 10 00 01 10 0
0 01 10 00 00 01 10 00 00 00 00 00 00 00 00 01 10 01 10 00 0
0 00 00 01 10 00 00 00 00 00 00 00 00 00 00 01 10 00 00 00 0
1 10 00 00 00 00 00 00 00 00 00 00 00 00 01 10 00 00 00 00 0
1 10 01 10 01 11 10 00 00 00 00 00 00 00 00 00 00 00 00 00 0
0 01 10 00 00 00 00 00 00 01 10 01 10 00 00 00 00 00 00 00 0
0 01 10 00 00 00 00 00 00 01 11 10 00 00 00 00 00 00 00 00 0
0 00 00 00 00 00 00 00 00 01 10 00 01 10 00 00 00 00 00 00 0
0 00 00 00 00 00 00 00 00 00 01 11 11 10 00 01 11 11 10 00 0
0 00 00 00 00 00 00 00 00 00 00 01 10 00 00 00 00 00 00 00 0
0 00 00 00 00 00 00 00 00 00 00 01 11 11 11 10 00 01 10 00 0
0 00 00 00 00 00 00 00 00 01 11 10 01 10 01 10 01 11 10 00 0
0 00 00 00 00 00 00 00 00 01 11 10 01 11 10 00 01 11 10 00 0
0 00 00 00 00 00 00 00 01 11 10 00 01 10 00 00 00 00 00 00 0
0 00 00 00 00 00 00 00 00 00 00 00 01 11 10 00 00 00 00 00 0
0 00 00 00 00 00 00 00 00 00 00 00 00 01 10 00 00 00 00 00 0
---
0 00 00 00 00 00 00 00 00 00 00 00 00 00 00 00 00 00 00 00 0
0 00 00 00 00 00 00 00 00 00 00 00 01 11 10 00 00 00 00 00 0
0 00 00 00 00 00 01 11 10 00 00 00 01 11 10 00 01 10 00 00 0
1 11 10 01 10 01 10 00 00 01 11 10 00 00 00 00 00 01 10 00 0
1 11 10 00 01 11 10 01 11 11 11 10 00 00 01 11 10 01 11 10 0
0 00 01 10 00 01 11 10 01 11 11 10 00 00 01 11 10 00 00 00 0
0 00 00 00 00 00 00 00 00 00 00 00 00 00 01 11 11 10 00 00 0
0 01 10 01 11 10 00 00 00 00 00 00 00 00 00 00 00 00 00 00 0
1 10 00 00 00 00 00 00 00 00 00 00 00 00 00 00 00 00 00 00 0
1 11 11 10 00 00 00 00 00 01 10 00 00 00 00 00 00 00 00 00 0
0 00 00 00 00 00 00 00 01 11 10 01 10 00 00 00 00 00 00 00 0
0 00 00 00 00 00 00 00 00 01 10 00 01 10 00 00 01 10 00 00 0
0 00 00 00 00 00 00 00 00 00 01 10 01 10 00 00 01 10 00 00 0
0 00 00 00 00 00 00 00 00 00 00 00 00 00 01 11 10 01 10 00 0
0 00 00 00 00 00 00 00 00 00 00 00 00 00 01 11 11 11 10 00 0
0 00 00 00 00 00 00 00 00 01 10 00 00 00 01 10 00 00 01 10 0
0 00 00 00 00 00 00 00 00 00 00 00 01 10 00 01 11 11 10 00 0
0 00 00 00 00 00 00 00 01 11 11 10 00 00 00 00 00 00 00 00 0
0 00 00 00 00 00 00 00 00 00 00 00 01 11 10 00 00 00 00 00 0
0 00 00 00 00 00 00 00 00 00 00 00 01 11 10 00 00 00 00 00 0
---
0 00 00 00 00 00 00 00 00 00 00 00 00 00 00 00 00 00 00 00 0
0 00 00 00 00 00 00 00 00 00 00 00 01 11 10 00 00 00 00 00 0
0 00 00 00 00 00 01 10 00 00 00 01 11 11 10 00 00 00 00 00 0
1 11 11 10 00 01 10 00 00 00 01 11 10 01 11 11 10 01 11 10 0
1 10 00 01 10 00 00 01 10 00 00 01 10 00 01 11 10 01 11 10 0
0 01 10 00 01 11 11 10 00 00 01 10 00 01 10 00 00 01 10 00 0
0 00 01 11 11 11 10 00 00 01 10 00 00 00 01 10 01 10 00 00 0
0 00 00 00 00 00 00 00 00 00 00 00 00 00 00 01 10 00 00 00 0
1 10 00 01 10 00 00 00 00 00 00 00 00 00 00 00 00 00 00 00 0
1 11 10 00 00 00 00 00 01 11 11 10 00 00 00 00 00 00 00 00 0
0 01 10 00 00 00 00 00 01 11 10 00 00 00 00 00 00 00 00 00 0
0 00 00 00 00 00 00 00 01 11 10 00 01 10 00 00 00 00 00 00 0
0 00 00 00 00 00 00 00 00 00 00 01 10 01 10 00 01 11 10 00 0
0 00 00 00 00 00 00 00 00 00 00 00 00 01 11 10 00 01 10 00 0
0 00 00 00 00 00 00 00 00 00 00 00 00 01 10 00 00 01 11 10 0
0 00 00 00 00 00 00 00 00 00 00 00 00 01 11 10 00 00 01 10 0
0 00 00 00 00 00 00 00 01 10 01 10 00 00 00 01 11 11 10 00 0
0 00 00 00 00 00 00 00 00 01 10 01 11 11 10 00 01 10 00 00 0
0 00 00 00 00 00 00 00 00 01 10 01 11 11 10 00 00 00 00 00 0
0 00 00 00 00 00 00 00 00 00 00 00 01 11 10 00 00 00 00 00 0
---
0 00 00 00 00 00 00 00 00 00 00 00 00 00 00 00 00 00 00 00 0
0 00 00 00 00 00 00 00 00 00 00 01 10 01 10 00 00 00 00 00 0
0 01 10 00 00 00 00 00 00 00 01 10 00 00 00 00 00 00 00 00 0
1 11 11 10 00 00 01 10 00 00 01 10 00 00 00 01 10 01 11 10 0
1 10 00 01 10 00 00 00 00 00 00 01 10 00 00 01 10 00 00 00 0
0 01 10 00 00 00 01 10 00 00 01 10 00 01 10 00 00 01 11 10 0
0 00 01 11 10 00 01 10 00 00 00 00 00 00 01 11 11 10 00 00 0
0 00 01 10 00 00 00 00 00 00 00 00 00 00 00 01 10 00 00 00 0
1 11 10 00 00 00 00 00 00 01 10 00 00 00 00 00 00 00 00 00 0
1 11 11 10 00 00 00 00 01 10 01 10 00 00 00 00 00 00 00 00 0
1 11 10 00 00 00 00 01 10 00 00 00 00 00 00 00 00 00 00 00 0
0 00 00 00 00 00 00 00 01 11 11 10 01 10 00 00 00 00 00 00 0
0 00 00 00 00 00 00 00 00 00 00 00 00 01 11 10 01 11 10 00 0
0 00 00 00 00 00 00 00 00 00 00 00 00 01 11 10 00 00 00 00 0
0 00 00 00 00 00 00 00 00 00 00 00 01 10 00 00 00 01 11 10 0
0 00 00 00 00 00 00 00 00 00 00 00 00 01 11 11 10 00 01 10 0
0 00 00 00 00 00 00 00 00 01 11 11 10 00 00 01 11 11 10 00 0
0 00 00 00 00 00 00 00 01 11 10 00 00 01 11 11 11 11 10 00 0
0 00 00 00 00 00 00 00 00 00 00 00 00 00 01 10 00 00 00 00 0
0 00 00 00 00 00 00 00 00 00 00 01 10 01 10 00 00 00 00 00 0
---
0 00 00 00 00 00 00 00 00 00 00 00 00 00 00 00 00 00 00 00 0
0 00 00 00 00 00 00 00 00 00 00 00 00 00 00 00 00 00 00 00 0
1 11 11 10 00 00 00 00 00 00 01 11 10 00 00 00 00 00 00 00 0
1 10 01 10 00 00 00 00 00 00 01 11 10 00 00 00 01 10 00 00 0
1 10 00 00 00 00 00 00 00 00 01 11 10 00 01 10 00 00 00 00 0
0 01 10 01 10 00 00 00 00 00 00 00 00 00 00 00 00 01 10 00 0
0 01 11 11 10 00 00 00 00 00 00 00 00 00 01 11 11 11 10 00 0
0 00 01 11 10 00 00 00 00 00 00 00 00 00 01 11 11 10 00 00 0
1 10 00 00 00 00 00 00 00 01 10 00 00 00 00 00 00 00 00 00 0
0 00 01 10 00 00 00 00 01 11 10 00 00 00 00 00 00 00 00 00 0
1 10 01 10 00 00 00 01 10 00 01 11 10 00 00 00 00 00 00 00 0
0 00 00 00 00 00 00 00 01 11 10 00 00 01 10 00 00 00 00 00 0
0 00 00 00 00 00 00 00 00 01 10 00 01 10 01 11 10 00 00 00 0
0 00 00 00 00 00 00 00 00 00 00 00 01 10 01 11 11 10 01 10 0
0 00 00 00 00 00 00 00 00 00 00 00 01 10 00 01 10 01 11 10 0
0 00 00 00 00 00 00 00 00 00 01 11 11 11 11 11 10 00 01 10 0
0 00 00 00 00 00 00 00 01 11 11 10 01 10 00 00 00 00 01 10 0
0 00 00 00 00 00 00 00 01 11 10 00 00 01 10 00 00 01 10 00 0
0 00 00 00 00 00 00 00 00 00 00 00 01 10 00 00 01 10 00 00 0
0 00 00 00 00 00 00 00 00 00 00 00 00 00 00 00 00 00 00 00 0
---
0 00 00 00 00 00 00 00 00 00 00 00 00 00 00 00 00 00 00 00 0
0 01 10 00 00 00 00 00 00 00 00 00 00 00 00 00 00 00 00 00 0
1 10 01 10 00 00 00 00 00 00 01 11 10 00 00 00 00 00 00 00 0
1 10 01 10 00 00 00 00 00 01 10 00 01 10 00 00 00 00 00 00 0
1 10 01 10 00 00 00 00 00 00 01 11 10 00 00 00 00 00 00 00 0
1 11 10 01 10 00 00 00 00 00 00 00 00 00 01 10 00 01 10 00 0
0 01 10 00 01 10 00 00 00 00 00 00 00 00 01 10 00 01 10 00 0
0 00 00 01 10 00 00 00 00 00 00 00 00 00 01 10 00 01 10 00 0
0 01 11 11 10 00 00 00 01 11 10 00 00 00 00 01 10 00 00 00 0
0 00 00 00 00 00 00 00 01 11 10 00 00 00 00 00 00 00 00 00 0
0 01 10 00 00 00 00 01 10 00 01 10 00 00 00 00 00 00 00 00 0
0 00 00 00 00 00 00 00 01 11 10 01 11 11 11 10 00 00 00 00 0
0 00 00 00 00 00 00 00 01 11 10 00 01 10 00 00 01 10 00 00 0
0 00 00 00 00 00 00 00 00 00 00 01 11 10 00 00 00 00 01 10 0
0 00 00 00 00 00 00 00 00 00 00 00 00 00 00 00 00 00 01 11 1
0 00 00 00 00 00 00 00 00 00 01 10 00 00 01 11 11 10 01 11 1
0 00 00 00 00 00 00 00 01 10 00 00 00 00 00 00 00 01 11 10 0
0 00 00 00 00 00 00 00 01 10 01 11 11 11 10 00 00 01 10 00 0
0 00 00 00 00 00 00 00 00 00 00 00 00 00 00 00 00 00 00 00 0
0 00 00 00 00 00 00 00 00 00 00 00 00 00 00 00 00 00 00 00 0
---
0 00 00 00 00 00 00 00 00 00 00 00 00 00 00 00 00 00 00 00 0
0 01 10 00 00 00 00 00 00 00 00 00 00 00 00 00 00 00 00 00 0
1 10 01 10 00 00 00 00 00 00 01 11 10 00 00 00 00 00 00 00 0
1 10 01 11 10 00 00 00 00 01 10 00 01 10 00 00 00 00 00 00 0
1 10 01 11 10 00 00 00 00 00 01 11 10 00 00 00 00 00 00 00 0
1 10 00 01 10 00 00 00 00 00 00 00 00 00 00 00 00 00 00 00 0
1 11 10 01 11 10 00 00 00 00 00 00 00 01 11 11 11 11 11 10 0
0 01 10 01 11 10 00 00 00 00 00 00 00 00 01 11 11 10 00 00 0
0 00 01 11 10 00 00 00 01 11 10 00 00 00 00 00 00 00 00 00 0
0 01 10 00 00 00 00 01 10 00 01 10 00 00 00 00 00 00 00 00 0
0 00 00 00 00 00 00 01 10 00 01 11 11 11 10 00 00 00 00 00 0
0 00 00 00 00 00 00 01 10 00 00 01 11 11 10 00 00 00 00 00 0
0 00 00 00 00 00 00 00 01 11 10 00 00 00 00 00 00 00 00 00 0
0 00 00 00 00 00 00 00 00 00 00 01 11 10 00 00 00 01 11 11 1
0 00 00 00 00 00 00 00 00 00 00 01 10 00 00 01 10 00 00 00 0
0 00 00 00 00 00 00 00 00 00 00 00 00 00 00 01 11 10 00 00 0
0 00 00 00 00 00 00 00 00 00 01 10 01 11 11 11 10 00 00 01 1
0 00 00 00 00 00 00 00 00 01 10 01 11 10 00 00 00 01 11 10 0
0 00 00 00 00 00 00 00 00 00 00 01 11 10 00 00 00 00 00 00 0
0 00 00 00 00 00 00 00 00 00 00 00 00 00 00 00 00 00 00 00 0
---
0 00 00 00 00 00 00 00 00 00 00 00 00 00 00 00 00 00 00 00 0
0 01 10 00 00 00 00 00 00 00 00 00 00 00 00 00 00 00 00 00 0
1 10 01 11 10 00 00 00 00 00 01 11 10 00 00 00 00 00 00 00 0
1 10 00 00 00 00 00 00 00 01 10 00 01 10 00 00 00 00 00 00 0
1 10 00 00 01 10 00 00 00 00 01 11 10 00 00 00 00 00 00 00 0
1 10 00 00 00 00 00 00 00 00 00 00 00 00 01 11 11 11 10 00 0
1 11 10 00 00 00 00 00 00 00 00 00 00 01 10 00 00 01 10 00 0
1 11 10 00 00 00 00 00 00 00 00 00 00 01 10 00 00 00 00 00 0
0 01 10 01 11 10 00 00 01 11 10 00 00 00 00 01 10 00 00 00 0
0 00 01 10 00 00 00 01 10 00 01 10 01 10 00 00 00 00 00 00 0
0 00 00 00 00 00 01 11 11 10 01 10 00 01 10 00 00 00 00 00 0
0 00 00 00 00 00 00 01 10 01 10 00 00 01 10 00 00 00 00 00 0
0 00 00 00 00 00 00 00 01 10 01 10 00 01 10 00 00 00 01 10 0
0 00 00 00 00 00 00 00 00 00 01 11 11 10 00 00 00 00 01 10 0
0 00 00 00 00 00 00 00 00 00 00 01 11 10 00 01 10 01 11 10 0
0 00 00 00 00 00 00 00 00 00 00 01 11 11 10 00 01 10 00 00 0
0 00 00 00 00 00 00 00 00 00 01 10 01 11 11 11 10 01 11 10 0
0 00 00 00 00 00 00 00 00 00 00 00 00 00 01 10 00 00 01 10 0
0 00 00 00 00 00 00 00 00 00 01 11 11 10 00 00 00 00 00 00 0
0 00 00 00 00 00 00 00 00 00 00 00 00 00 00 00 00 00 00 00 0
---
0 00 00 00 00 00 00 00 00 00 00 00 00 00 00 00 00 00 00 00 0
0 01 11 10 00 00 00 00 00 00 00 00 00 00 00 00 00 00 00 00 0
1 10 01 10 00 00 00 00 00 00 01 11 10 00 00 00 00 00 00 00 0
1 10 00 01 10 00 00 00 00 01 10 00 01 10 00 00 00 00 00 00 0
1 11 10 00 00 00 00 00 00 00 01 11 10 00 00 01 11 10 00 00 0
1 10 00 00 00 00 00 00 00 00 00 00 00 00 01 11 11 11 10 00 0
0 00 00 00 00 00 00 00 00 00 00 00 00 01 10 01 10 01 10 00 0
0 00 00 00 00 00 00 00 00 00 00 00 00 00 01 10 00 00 00 00 0
1 11 10 01 10 00 00 00 01 11 10 00 00 00 00 00 00 00 00 00 0
0 00 01 11 10 00 01 10 00 00 01 11 10 00 00 00 00 00 00 00 0
0 00 00 00 00 00 01 10 00 00 01 11 11 11 10 00 00 00 00 00 0
0 00 00 00 00 00 01 10 00 00 01 10 01 11 11 10 00 00 00 00 0
0 00 00 00 00 00 00 00 01 10 01 10 00 01 10 00 00 00 00 00 0
0 00 00 00 00 00 00 00 00 01 11 10 00 01 10 00 00 00 01 11 1
0 00 00 00 00 00 00 00 00 00 00 00 00 00 00 00 01 11 11 10 0
0 00 00 00 00 00 00 00 00 00 01 10 00 00 00 00 00 00 00 00 0
0 00 00 00 00 00 00 00 00 00 00 00 00 00 00 01 11 11 11 10 0
0 00 00 00 00 00 00 00 00 00 01 10 00 00 01 11 10 01 11 10 0
0 00 00 00 00 00 00 00 00 00 00 01 10 00 00 00 00 00 00 00 0
0 00 00 00 00 00 00 00 00 00 00 01 10 00 00 00 00 00 00 00 0
---
0 00 00 00 00 00 00 00 00 00 00 00 00 00 00 00 00 00 00 00 0
0 01 11 10 00 00 00 00 00 00 00 00 00 00 00 00 00 00 00 00 0
1 10 01 11 10 00 00 00 00 00 01 11 10 00 00 00 00 00 00 00 0
1 10 01 10 00 00 00 00 00 01 10 00 01 10 00 00 00 00 00 00 0
1 11 10 00 00 00 00 00 00 00 01 11 10 00 01 10 00 01 10 00 0
1 11 10 00 00 00 00 00 00 00 00 00 00 00 00 00 00 01 10 00 0
0 00 00 00 00 00 00 00 00 00 00 00 00 01 10 00 00 01 10 00 0
0 00 00 00 00 00 00 00 00 00 00 00 00 00 01 10 00 00 00 00 0
0 01 10 01 10 00 00 00 00 01 11 10 00 00 00 00 00 00 00 00 0
0 01 11 11 10 00 00 01 10 00 00 00 00 00 00 00 00 00 00 00 0
0 00 00 00 00 01 11 11 10 01 10 00 00 00 01 10 00 00 00 00 0
0 00 00 00 00 00 00 01 10 00 01 10 00 00 01 10 00 00 00 00 0
0 00 00 00 00 00 00 00 00 00 01 10 00 00 00 00 00 00 00 00 0
0 00 00 00 00 00 00 00 00 01 11 10 00 00 00 00 00 00 01 11 1
0 00 00 00 00 00 00 00 00 01 11 10 00 00 00 00 00 01 11 11 1
0 00 00 00 00 00 00 00 00 00 00 00 00 00 00 01 10 00 00 00 0
0 00 00 00 00 00 00 00 00 00 00 00 00 00 01 11 10 00 01 10 0
0 00 00 00 00 00 00 00 00 00 00 00 00 00 01 11 10 00 01 10 0
0 00 00 00 00 00 00 00 00 00 01 11 10 00 00 00 00 00 00 00 0
0 00 00 00 00 00 00 00 00 00 00 00 00 00 00 00 00 00 00 00 0
---
0 00 00 00 00 00 00 00 00 00 00 00 00 00 00 00 00 00 00 00 0
0 01 11 11 10 00 00 00 00 00 00 00 00 00 00 00 00 00 00 00 0
1 10 00 01 10 00 00 00 00 00 01 11 10 00 00 00 00 00 00 00 0
1 10 01 11 10 00 00 00 00 01 10 00 01 10 00 00 00 00 00 00 0
0 00 01 10 00 00 00 00 00 00 01 11 10 00 00 00 00 00 00 00 0
1 11 10 00 00 00 00 00 00 00 00 00 00 00 00 00 01 11 11 10 0
0 00 00 00 00 00 00 00 00 00 00 00 00 00 00 00 00 00 00 00 0
0 00 00 00 00 00 00 00 00 00 00 00 00 00 00 00 00 00 00 00 0
0 01 10 01 10 00 00 00 00 00 00 00 00 00 00 00 00 00 00 00 0
0 01 10 01 11 10 00 01 10 01 11 10 00 00 00 00 00 00 00 00 0
0 00 01 10 00 00 00 01 10 00 00 00 00 00 00 00 00 00 00 00 0
0 00 00 00 00 00 00 01 11 11 11 10 00 00 00 00 00 00 00 00 0
0 00 00 00 00 00 00 00 00 00 01 11 10 00 00 00 00 00 00 00 0
0 00 00 00 00 00 00 00 00 00 00 01 10 00 00 00 00 01 10 01 1
0 00 00 00 00 00 00 00 00 01 11 10 00 00 00 00 00 01 10 01 1
0 00 00 00 00 00 00 00 00 00 00 00 00 00 01 11 11 11 10 01 1
0 00 00 00 00 00 00 00 00 00 00 00 00 00 00 00 01 10 00 00 0
0 00 00 00 00 00 00 00 00 00 00 00 00 00 01 11 10 00 00 00 0
0 00 00 00 00 00 00 00 00 00 00 00 00 00 00 00 00 00 00 00 0
0 00 00 00 00 00 00 00 00 00 00 00 00 00 00 00 00 00 00 00 0
---
0 00 01 10 00 00 00 00 00 00 00 00 00 00 00 00 00 00 00 00 0
0 01 11 11 10 00 00 00 00 00 00 00 00 00 00 00 00 00 00 00 0
1 10 00 00 01 10 00 00 00 00 01 11 10 00 00 00 00 00 00 00 0
0 00 01 11 10 00 00 00 00 01 10 00 01 10 00 00 00 00 00 00 0
1 10 01 11 10 00 00 00 00 00 01 11 10 00 00 00 00 01 10 00 0
0 01 10 00 00 00 00 00 00 00 00 00 00 00 00 00 00 01 10 00 0
0 00 00 00 00 00 00 00 00 00 00 00 00 00 00 00 00 01 10 00 0
0 00 00 00 00 00 00 00 00 00 00 00 00 00 00 00 00 00 00 00 0
0 00 00 01 11 10 00 00 00 00 00 00 00 00 00 00 00 00 00 00 0
0 01 10 01 11 10 00 00 01 10 00 00 00 00 00 00 00 00 00 00 0
0 00 01 11 10 00 01 11 10 00 00 00 00 00 00 00 00 00 00 00 0
0 00 00 00 00 00 00 01 11 11 11 11 10 00 00 00 00 00 00 00 0
0 00 00 00 00 00 00 00 01 10 00 01 10 00 00 00 00 00 00 00 0
0 00 00 00 00 00 00 00 00 01 10 01 10 00 00 00 00 00 00 00 0
0 00 00 00 00 00 00 00 00 00 01 10 00 00 00 01 10 01 10 01 1
0 00 00 00 00 00 00 00 00 00 00 00 00 00 00 01 10 01 10 00 0
0 00 00 00 00 00 00 00 00 00 00 00 00 00 00 00 00 01 10 00 0
0 00 00 00 00 00 00 00 00 00 00 00 00 00 00 01 10 00 00 00 0
0 00 00 00 00 00 00 00 00 00 00 00 00 00 00 00 00 00 00 00 0
0 00 00 00 00 00 00 00 00 00 00 00 00 00 00 00 00 00 00 00 0
---
0 01 11 11 10 00 00 00 00 00 00 00 00 00 00 00 00 00 00 00 0
0 01 11 11 10 00 00 00 00 00 00 00 00 00 00 00 00 00 00 00 0
0 00 00 00 01 10 00 00 00 00 01 11 10 00 00 00 00 00 00 00 0
0 00 01 10 01 10 00 00 00 01 10 00 01 10 00 00 00 00 00 00 0
0 00 00 01 10 00 00 00 00 00 01 11 10 00 00 00 00 00 00 00 0
0 01 11 10 00 00 00 00 00 00 00 00 00 00 00 00 01 11 11 10 0
0 00 00 00 00 00 00 00 00 00 00 00 00 00 00 00 00 00 00 00 0
0 00 00 00 00 00 00 00 00 00 00 00 00 00 00 00 00 00 00 00 0
0 00 01 11 11 10 00 00 00 00 00 00 00 00 00 00 00 00 00 00 0
0 00 00 00 00 01 10 01 10 00 00 00 00 00 00 00 00 00 00 00 0
0 00 01 11 11 10 01 10 00 00 01 10 00 00 00 00 00 00 00 00 0
0 00 00 00 00 00 01 10 00 01 11 11 10 00 00 00 00 00 00 00 0
0 00 00 00 00 00 00 01 10 00 00 01 11 10 00 00 00 00 00 00 0
0 00 00 00 00 00 00 00 00 01 10 01 10 00 00 00 00 00 00 00 0
0 00 00 00 00 00 00 00 00 00 01 10 00 00 00 00 00 00 01 10 0
0 00 00 00 00 00 00 00 00 00 00 00 00 00 00 00 00 01 10 00 0
0 00 00 00 00 00 00 00 00 00 00 00 00 00 00 00 00 00 00 00 0
0 00 00 00 00 00 00 00 00 00 00 00 00 00 00 00 00 00 00 00 0
0 00 00 00 00 00 00 00 00 00 00 00 00 00 00 00 00 00 00 00 0
0 00 00 00 00 00 00 00 00 00 00 00 00 00 00 00 00 00 00 00 0
---
0 01 10 01 10 00 00 00 00 00 00 00 00 00 00 00 00 00 00 00 0
0 01 10 00 01 10 00 00 00 00 00 00 00 00 00 00 00 00 00 00 0
0 01 10 00 01 10 00 00 00 00 01 11 10 00 00 00 00 00 00 00 0
0 00 00 00 01 10 00 00 00 01 10 00 01 10 00 00 00 00 00 00 0
0 01 10 01 10 00 00 00 00 00 01 11 10 00 00 00 00 01 10 00 0
0 00 01 10 00 00 00 00 00 00 00 00 00 00 00 00 00 01 10 00 0
0 00 00 00 00 00 00 00 00 00 00 00 00 00 00 00 00 01 10 00 0
0 00 00 01 10 00 00 00 00 00 00 00 00 00 00 00 00 00 00 00 0
0 00 00 01 11 10 00 00 00 00 00 00 00 00 00 00 00 00 00 00 0
0 00 00 00 00 01 11 10 00 00 00 00 00 00 00 00 00 00 00 00 0
0 00 00 01 11 10 01 11 10 01 11 11 10 00 00 00 00 00 00 00 0
0 00 00 01 10 01 11 11 10 01 10 00 01 10 00 00 00 00 00 00 0
0 00 00 00 00 00 00 00 01 11 10 00 01 10 00 00 00 00 00 00 0
0 00 00 00 00 00 00 00 00 00 00 01 11 10 00 00 00 00 00 00 0
0 00 00 00 00 00 00 00 00 00 01 10 00 00 00 00 00 00 00 00 0
0 00 00 00 00 00 00 00 00 00 00 00 00 00 00 00 00 00 00 00 0
0 00 00 00 00 00 00 00 00 00 00 00 00 00 00 00 00 00 00 00 0
0 00 00 00 00 00 00 00 00 00 00 00 00 00 00 00 00 00 00 00 0
0 00 00 00 00 00 00 00 00 00 00 00 00 00 00 00 00 00 00 00 0
0 00 00 00 00 00 00 00 00 00 00 00 00 00 00 00 00 00 00 00 0
---
0 00 01 10 00 00 00 00 00 00 00 00 00 00 00 00 00 00 00 00 0
1 11 10 01 11 10 00 00 00 00 00 00 00 00 00 00 00 00 00 00 0
0 00 00 01 11 11 10 00 00 00 01 11 10 00 00 00 00 00 00 00 0
0 00 01 11 11 10 00 00 00 01 10 00 01 10 00 00 00 00 00 00 0
0 00 01 11 10 00 00 00 00 00 01 11 10 00 00 00 00 00 00 00 0
0 00 01 10 00 00 00 00 00 00 00 00 00 00 00 00 01 11 11 10 0
0 00 00 00 00 00 00 00 00 00 00 00 00 00 00 00 00 00 00 00 0
0 00 00 01 11 10 00 00 00 00 00 00 00 00 00 00 00 00 00 00 0
0 00 00 01 11 11 10 00 00 00 00 00 00 00 00 00 00 00 00 00 0
0 00 00 00 00 00 01 11 10 00 01 10 00 00 00 00 00 00 00 00 0
0 00 00 01 10 00 00 00 00 01 11 11 10 00 00 00 00 00 00 00 0
0 00 00 01 10 01 10 00 00 00 00 00 01 10 00 00 00 00 00 00 0
0 00 00 00 00 00 01 11 11 11 11 10 01 11 10 00 00 00 00 00 0
0 00 00 00 00 00 00 00 00 01 11 11 11 10 00 00 00 00 00 00 0
0 00 00 00 00 00 00 00 00 00 00 01 10 00 00 00 00 00 00 00 0
0 00 00 00 00 00 00 00 00 00 00 00 00 00 00 00 00 00 00 00 0
0 00 00 00 00 00 00 00 00 00 00 00 00 00 00 00 00 00 00 00 0
0 00 00 00 00 00 00 00 00 00 00 00 00 00 00 00 00 00 00 00 0
0 00 00 00 00 00 00 00 00 00 00 00 00 00 00 00 00 00 00 00 0
0 00 00 00 00 00 00 00 00 00 00 00 00 00 00 00 00 00 00 00 0
---
0 01 11 11 10 00 00 00 00 00 00 00 00 00 00 00 00 00 00 00 0
0 01 10 00 00 01 10 00 00 00 00 00 00 00 00 00 00 00 00 00 0
0 01 10 00 00 01 10 00 00 00 01 11 10 00 00 00 00 00 00 00 0
0 00 00 00 00 01 10 00 00 01 10 00 01 10 00 00 00 00 00 00 0
0 01 10 00 01 10 00 00 00 00 01 11 10 00 00 00 00 01 10 00 0
0 00 01 11 10 00 00 00 00 00 00 00 00 00 00 00 00 01 10 00 0
0 00 00 01 10 00 00 00 00 00 00 00 00 00 00 00 00 01 10 00 0
0 00 00 01 10 01 10 00 00 00 00 00 00 00 00 00 00 00 00 00 0
0 00 00 01 10 01 11 10 00 00 00 00 00 00 00 00 00 00 00 00 0
0 00 00 01 10 01 11 10 00 01 11 11 10 00 00 00 00 00 00 00 0
0 00 00 00 01 10 01 10 00 01 11 11 10 00 00 00 00 00 00 00 0
0 00 00 00 01 10 01 11 10 00 00 00 01 11 10 00 00 00 00 00 0
0 00 00 00 00 00 01 11 11 10 00 00 00 01 10 00 00 00 00 00 0
0 00 00 00 00 00 00 01 10 00 00 00 00 01 10 00 00 00 00 00 0
0 00 00 00 00 00 00 00 00 00 00 01 11 10 00 00 00 00 00 00 0
0 00 00 00 00 00 00 00 00 00 00 00 00 00 00 00 00 00 00 00 0
0 00 00 00 00 00 00 00 00 00 00 00 00 00 00 00 00 00 00 00 0
0 00 00 00 00 00 00 00 00 00 00 00 00 00 00 00 00 00 00 00 0
0 00 00 00 00 00 00 00 00 00 00 00 00 00 00 00 00 00 00 00 0
0 00 00 00 00 00 00 00 00 00 00 00 00 00 00 00 00 00 00 00 0
---
0 01 11 10 00 00 00 00 00 00 00 00 00 00 00 00 00 00 00 00 0
1 11 10 00 01 10 00 00 00 00 00 00 00 00 00 00 00 00 00 00 0
0 00 00 00 01 11 11 10 00 00 01 11 10 00 00 00 00 00 00 00 0
0 00 00 00 01 11 10 00 00 01 10 00 01 10 00 00 00 00 00 00 0
0 00 01 11 11 10 00 00 00 00 01 11 10 00 00 00 00 00 00 00 0
0 00 01 11 11 10 00 00 00 00 00 00 00 00 00 00 01 11 11 10 0
0 00 00 01 10 00 00 00 00 00 00 00 00 00 00 00 00 00 00 00 0
0 00 01 11 10 01 11 10 00 00 00 00 00 00 00 00 00 00 00 00 0
0 00 01 11 10 00 00 00 00 00 01 10 00 00 00 00 00 00 00 00 0
0 00 00 01 10 00 00 01 10 01 10 01 10 00 00 00 00 00 00 00 0
0 00 00 01 11 10 00 00 01 11 10 00 00 00 00 00 00 00 00 00 0
0 00 00 00 00 00 00 00 00 01 11 11 11 11 10 00 00 00 00 00 0
0 00 00 00 00 01 10 00 01 10 00 00 00 01 11 10 00 00 00 00 0
0 00 00 00 00 00 01 11 11 10 00 00 00 01 10 00 00 00 00 00 0
0 00 00 00 00 00 00 00 00 00 00 00 01 10 00 00 00 00 00 00 0
0 00 00 00 00 00 00 00 00 00 00 00 00 00 00 00 00 00 00 00 0
0 00 00 00 00 00 00 00 00 00 00 00 00 00 00 00 00 00 00 00 0
0 00 00 00 00 00 00 00 00 00 00 00 00 00 00 00 00 00 00 00 0
0 00 00 00 00 00 00 00 00 00 00 00 00 00 00 00 00 00 00 00 0
0 00 00 00 00 00 00 00 00 00 00 00 00 00 00 00 00 00 00 00 0
---
1 11 11 10 00 00 00 00 00 00 00 00 00 00 00 00 00 00 00 00 0
1 11 11 11 11 10 00 00 00 00 00 00 00 00 00 00 00 00 00 00 0
0 00 00 01 10 00 01 10 00 00 01 11 10 00 00 00 00 00 00 00 0
0 00 00 00 00 00 01 10 00 01 10 00 01 10 00 00 00 00 00 00 0
0 00 01 10 00 00 00 00 00 00 01 11 10 00 00 00 00 01 10 00 0
0 00 00 00 00 00 00 00 00 00 00 00 00 00 00 00 00 01 10 00 0
0 00 00 00 00 01 10 00 00 00 00 00 00 00 00 00 00 01 10 00 0
0 00 00 00 00 00 00 00 00 00 00 00 00 00 00 00 00 00 00 00 0
0 00 00 00 00 00 01 10 00 00 01 10 00 00 00 00 00 00 00 00 0
0 00 00 00 00 00 00 00 00 01 10 00 00 00 00 00 00 00 00 00 0
0 00 00 01 11 10 00 00 00 00 00 00 00 00 00 00 00 00 00 00 0
0 00 00 00 01 10 00 00 00 00 01 11 11 11 11 10 00 00 00 00 0
0 00 00 00 00 00 01 10 01 10 01 11 10 00 01 10 00 00 00 00 0
0 00 00 00 00 00 01 11 11 10 00 00 01 11 11 10 00 00 00 00 0
0 00 00 00 00 00 00 01 10 00 00 00 00 00 00 00 00 00 00 00 0
0 00 00 00 00 00 00 00 00 00 00 00 00 00 00 00 00 00 00 00 0
0 00 00 00 00 00 00 00 00 00 00 00 00 00 00 00 00 00 00 00 0
0 00 00 00 00 00 00 00 00 00 00 00 00 00 00 00 00 00 00 00 0
0 00 00 00 00 00 00 00 00 00 00 00 00 00 00 00 00 00 00 00 0
0 00 00 00 00 00 00 00 00 00 00 00 00 00 00 00 00 00 00 00 0
---
1 10 00 00 00 00 00 00 00 00 00 00 00 00 00 00 00 00 00 00 0
1 10 00 00 01 10 00 00 00 00 00 00 00 00 00 00 00 00 00 00 0
0 01 10 01 11 11 10 00 00 00 01 11 10 00 00 00 00 00 00 00 0
0 00 00 00 00 00 00 00 00 01 10 00 01 10 00 00 00 00 00 00 0
0 00 00 00 00 00 00 00 00 00 01 11 10 00 00 00 00 00 00 00 0
0 00 00 00 00 00 00 00 00 00 00 00 00 00 00 00 01 11 11 10 0
0 00 00 00 00 00 00 00 00 00 00 00 00 00 00 00 00 00 00 00 0
0 00 00 00 00 00 00 00 00 00 00 00 00 00 00 00 00 00 00 00 0
0 00 00 00 00 00 00 00 00 00 00 00 00 00 00 00 00 00 00 00 0
0 00 00 00 00 00 00 00 00 00 00 00 00 00 00 00 00 00 00 00 0
0 00 00 01 11 10 00 00 00 00 01 11 11 11 10 00 00 00 00 00 0
0 00 00 01 11 11 10 00 00 01 11 10 01 11 11 10 00 00 00 00 0
0 00 00 00 00 01 11 10 01 10 01 10 00 00 00 01 10 00 00 00 0
0 00 00 00 00 00 01 10 01 11 10 01 11 11 11 10 00 00 00 00 0
0 00 00 00 00 00 01 11 11 10 00 00 00 01 10 00 00 00 00 00 0
0 00 00 00 00 00 00 00 00 00 00 00 00 00 00 00 00 00 00 00 0
0 00 00 00 00 00 00 00 00 00 00 00 00 00 00 00 00 00 00 00 0
0 00 00 00 00 00 00 00 00 00 00 00 00 00 00 00 00 00 00 00 0
0 00 00 00 00 00 00 00 00 00 00 00 00 00 00 00 00 00 00 00 0
0 00 00 00 00 00 00 00 00 00 00 00 00 00 00 00 00 00 00 00 0
---
0 00 00 00 00 00 00 00 00 00 00 00 00 00 00 00 00 00 00 00 0
1 11 10 01 11 11 10 00 00 00 00 00 00 00 00 00 00 00 00 00 0
0 00 00 01 11 11 10 00 00 00 01 11 10 00 00 00 00 00 00 00 0
0 00 00 00 01 10 00 00 00 01 10 00 01 10 00 00 00 00 00 00 0
0 00 00 00 00 00 00 00 00 00 01 11 10 00 00 00 00 01 10 00 0
0 00 00 00 00 00 00 00 00 00 00 00 00 00 00 00 00 01 10 00 0
0 00 00 00 00 00 00 00 00 00 00 00 00 00 00 00 00 01 10 00 0
0 00 00 00 00 00 00 00 00 00 00 00 00 00 00 00 00 00 00 00 0
0 00 00 00 00 00 00 00 00 00 00 00 00 00 00 00 00 00 00 00 0
0 00 00 00 00 00 00 00 00 00 00 01 11 10 00 00 00 00 00 00 0
0 00 00 01 10 01 10 00 00 01 11 10 00 00 01 10 00 00 00 00 0
0 00 00 01 10 00 01 10 00 00 00 00 00 00 01 10 00 00 00 00 0
0 00 00 00 00 00 01 10 01 10 00 00 00 00 00 01 10 00 00 00 0
0 00 00 00 00 00 00 00 00 00 01 11 11 11 11 10 00 00 00 00 0
0 00 00 00 00 00 01 10 01 11 10 00 00 01 11 10 00 00 00 00 0
0 00 00 00 00 00 00 01 10 00 00 00 00 00 00 00 00 00 00 00 0
0 00 00 00 00 00 00 00 00 00 00 00 00 00 00 00 00 00 00 00 0
0 00 00 00 00 00 00 00 00 00 00 00 00 00 00 00 00 00 00 00 0
0 00 00 00 00 00 00 00 00 00 00 00 00 00 00 00 00 00 00 00 0
0 00 00 00 00 00 00 00 00 00 00 00 00 00 00 00 00 00 00 00 0
---
0 00 00 00 01 10 00 00 00 00 00 00 00 00 00 00 00 00 00 00 0
0 00 01 11 10 01 10 00 00 00 00 00 00 00 00 00 00 00 00 00 0
0 00 01 10 00 00 00 00 00 00 01 11 10 00 00 00 00 00 00 00 0
0 00 00 01 11 11 10 00 00 01 10 00 01 10 00 00 00 00 00 00 0
0 00 00 00 00 00 00 00 00 00 01 11 10 00 00 00 00 00 00 00 0
0 00 00 00 00 00 00 00 00 00 00 00 00 00 00 00 01 11 11 10 0
0 00 00 00 00 00 00 00 00 00 00 00 00 00 00 00 00 00 00 00 0
0 00 00 00 00 00 00 00 00 00 00 00 00 00 00 00 00 00 00 00 0
0 00 00 00 00 00 00 00 00 00 00 00 00 00 00 00 00 00 00 00 0
0 00 00 00 00 00 00 00 00 00 01 11 10 00 00 00 00 00 00 00 0
0 00 00 00 01 10 00 00 00 00 01 11 10 01 10 00 00 00 00 00 0
0 00 00 00 01 11 11 11 10 01 10 00 00 00 01 11 10 00 00 00 0
0 00 00 00 00 00 00 01 10 00 00 01 11 10 00 01 10 00 00 00 0
0 00 00 00 00 00 00 00 01 10 01 11 11 10 00 01 10 00 00 00 0
0 00 00 00 00 00 00 01 11 11 11 11 10 00 01 10 00 00 00 00 0
0 00 00 00 00 00 00 01 11 10 00 00 00 00 00 00 00 00 00 00 0
0 00 00 00 00 00 00 00 00 00 00 00 00 00 00 00 00 00 00 00 0
0 00 00 00 00 00 00 00 00 00 00 00 00 00 00 00 00 00 00 00 0
0 00 00 00 00 00 00 00 00 00 00 00 00 00 00 00 00 00 00 00 0
0 00 00 00 00 00 00 00 00 00 00 00 00 00 00 00 00 00 00 00 0
---
0 00 00 01 11 10 00 00 00 00 00 00 00 00 00 00 00 00 00 00 0
0 00 01 11 11 10 00 00 00 00 00 00 00 00 00 00 00 00 00 00 0
0 00 01 10 00 01 10 00 00 00 01 11 10 00 00 00 00 00 00 00 0
0 00 00 01 11 10 00 00 00 01 10 00 01 10 00 00 00 00 00 00 0
0 00 00 00 01 10 00 00 00 00 01 11 10 00 00 00 00 01 10 00 0
0 00 00 00 00 00 00 00 00 00 00 00 00 00 00 00 00 01 10 00 0
0 00 00 00 00 00 00 00 00 00 00 00 00 00 00 00 00 01 10 00 0
0 00 00 00 00 00 00 00 00 00 00 00 00 00 00 00 00 00 00 00 0
0 00 00 00 00 00 00 00 00 00 00 00 00 00 00 00 00 00 00 00 0
0 00 00 00 00 00 00 00 00 00 01 11 11 10 00 00 00 00 00 00 0
0 00 00 00 01 10 01 10 00 01 10 01 11 10 01 10 00 00 00 00 0
0 00 00 00 01 11 11 11 11 10 00 00 00 01 11 11 10 00 00 00 0
0 00 00 00 00 01 10 01 10 01 10 00 01 11 10 01 11 10 00 00 0
0 00 00 00 00 00 00 00 00 00 00 00 00 01 11 11 10 00 00 00 0
0 00 00 00 00 00 00 00 00 00 00 00 01 10 00 00 00 00 00 00 0
0 00 00 00 00 00 00 01 10 00 01 10 00 00 00 00 00 00 00 00 0
0 00 00 00 00 00 00 00 00 00 00 00 00 00 00 00 00 00 00 00 0
0 00 00 00 00 00 00 00 00 00 00 00 00 00 00 00 00 00 00 00 0
0 00 00 00 00 00 00 00 00 00 00 00 00 00 00 00 00 00 00 00 0
0 00 00 00 00 00 00 00 00 00 00 00 00 00 00 00 00 00 00 00 0
---
0 00 01 10 01 10 00 00 00 00 00 00 00 00 00 00 00 00 00 00 0
0 00 01 10 00 01 10 00 00 00 00 00 00 00 00 00 00 00 00 00 0
0 00 01 10 00 01 10 00 00 00 01 11 10 00 00 00 00 00 00 00 0
0 00 00 01 11 11 10 00 00 01 10 00 01 10 00 00 00 00 00 00 0
0 00 00 01 11 10 00 00 00 00 01 11 10 00 00 00 00 00 00 00 0
0 00 00 00 00 00 00 00 00 00 00 00 00 00 00 00 01 11 11 10 0
0 00 00 00 00 00 00 00 00 00 00 00 00 00 00 00 00 00 00 00 0
0 00 00 00 00 00 00 00 00 00 00 00 00 00 00 00 00 00 00 00 0
0 00 00 00 00 00 00 00 00 00 00 01 10 00 00 00 00 00 00 00 0
0 00 00 00 00 00 00 00 00 00 01 10 01 11 10 00 00 00 00 00 0
0 00 00 00 01 10 01 10 01 11 10 00 00 00 01 11 10 00 00 00 0
0 00 00 00 01 10 00 00 00 01 11 11 10 00 00 00 01 10 00 00 0
0 00 00 00 01 11 10 01 10 00 00 00 01 10 00 00 01 10 00 00 0
0 00 00 00 00 00 00 00 00 00 00 00 00 00 00 01 11 10 00 00 0
0 00 00 00 00 00 00 00 00 00 00 00 00 01 11 10 00 00 00 00 0
0 00 00 00 00 00 00 00 00 00 00 00 00 00 00 00 00 00 00 00 0
0 00 00 00 00 00 00 00 00 00 00 00 00 00 00 00 00 00 00 00 0
0 00 00 00 00 00 00 00 00 00 00 00 00 00 00 00 00 00 00 00 0
0 00 00 00 00 00 00 00 00 00 00 00 00 00 00 00 00 00 00 00 0
0 00 00 00 00 00 00 00 00 00 00 00 00 00 00 00 00 00 00 00 0
---
0 00 00 01 10 00 00 00 00 00 00 00 00 00 00 00 00 00 00 00 0
0 01 11 10 01 11 10 00 00 00 00 00 00 00 00 00 00 00 00 00 0
0 00 01 10 00 01 11 10 00 00 01 11 10 00 00 00 00 00 00 00 0
0 00 01 10 00 01 10 00 00 01 10 00 01 10 00 00 00 00 00 00 0
0 00 00 01 10 01 10 00 00 00 01 11 10 00 00 00 00 01 10 00 0
0 00 00 00 00 00 00 00 00 00 00 00 00 00 00 00 00 01 10 00 0
0 00 00 00 00 00 00 00 00 00 00 00 00 00 00 00 00 01 10 00 0
0 00 00 00 00 00 00 00 00 00 00 00 00 00 00 00 00 00 00 00 0
0 00 00 00 00 00 00 00 00 00 00 01 11 10 00 00 00 00 00 00 0
0 00 00 00 00 00 00 00 00 01 11 11 11 11 11 10 00 00 00 00 0
0 00 00 00 00 01 10 00 01 10 00 00 01 11 11 11 10 00 00 00 0
0 00 00 01 11 10 01 11 10 01 11 11 10 00 00 00 01 10 00 00 0
0 00 00 00 01 11 10 00 00 00 01 11 10 00 00 00 01 11 10 00 0
0 00 00 00 00 00 00 00 00 00 00 00 00 01 11 11 11 10 00 00 0
0 00 00 00 00 00 00 00 00 00 00 00 00 00 01 11 10 00 00 00 0
0 00 00 00 00 00 00 00 00 00 00 00 00 00 00 00 00 00 00 00 0
0 00 00 00 00 00 00 00 00 00 00 00 00 00 00 00 00 00 00 00 0
0 00 00 00 00 00 00 00 00 00 00 00 00 00 00 00 00 00 00 00 0
0 00 00 00 00 00 00 00 00 00 00 00 00 00 00 00 00 00 00 00 0
0 00 00 00 00 00 00 00 00 00 00 00 00 00 00 00 00 00 00 00 0
---
0 00 01 11 11 10 00 00 00 00 00 00 00 00 00 00 00 00 00 00 0
0 01 11 10 01 11 11 10 00 00 00 00 00 00 00 00 00 00 00 00 0
0 00 01 10 00 00 01 10 00 00 01 11 10 00 00 00 00 00 00 00 0
0 00 01 11 10 01 10 00 00 01 10 00 01 10 00 00 00 00 00 00 0
0 00 00 00 01 10 00 00 00 00 01 11 10 00 00 00 00 00 00 00 0
0 00 00 00 00 00 00 00 00 00 00 00 00 00 00 00 01 11 11 10 0
0 00 00 00 00 00 00 00 00 00 00 00 00 00 00 00 00 00 00 00 0
0 00 00 00 00 00 00 00 00 00 00 00 00 00 00 00 00 00 00 00 0
0 00 00 00 00 00 00 00 00 00 00 00 00 00 00 00 00 00 00 00 0
0 00 00 00 00 00 00 00 00 01 11 10 00 00 00 01 10 00 00 00 0
0 00 00 00 01 11 11 11 11 10 00 00 00 00 00 01 10 00 00 00 0
0 00 00 01 10 00 01 11 11 11 10 00 00 01 11 10 01 11 10 00 0
0 00 00 01 11 11 11 10 00 01 10 01 11 10 01 10 00 01 10 00 0
0 00 00 00 00 00 00 00 00 00 00 00 00 01 10 00 00 01 10 00 0
0 00 00 00 00 00 00 00 00 00 00 00 00 01 10 00 01 10 00 00 0
0 00 00 00 00 00 00 00 00 00 00 00 00 00 00 00 00 00 00 00 0
0 00 00 00 00 00 00 00 00 00 00 00 00 00 00 00 00 00 00 00 0
0 00 00 00 00 00 00 00 00 00 00 00 00 00 00 00 00 00 00 00 0
0 00 00 00 00 00 00 00 00 00 00 00 00 00 00 00 00 00 00 00 0
0 00 00 00 00 00 00 00 00 00 00 00 00 00 00 00 00 00 00 00 0
---
0 01 11 10 01 10 00 00 00 00 00 00 00 00 00 00 00 00 00 00 0
0 01 10 00 01 10 01 10 00 00 00 00 00 00 00 00 00 00 00 00 0
0 00 00 00 00 00 01 10 00 00 01 11 10 00 00 00 00 00 00 00 0
0 00 01 11 11 11 10 00 00 01 10 00 01 10 00 00 00 00 00 00 0
0 00 00 01 11 10 00 00 00 00 01 11 10 00 00 00 00 01 10 00 0
0 00 00 00 00 00 00 00 00 00 00 00 00 00 00 00 00 01 10 00 0
0 00 00 00 00 00 00 00 00 00 00 00 00 00 00 00 00 01 10 00 0
0 00 00 00 00 00 00 00 00 00 00 00 00 00 00 00 00 00 00 00 0
0 00 00 00 00 00 00 00 00 00 00 00 00 00 00 00 00 00 00 00 0
0 00 00 00 00 01 11 11 11 11 10 00 00 00 00 00 00 00 00 00 0
0 00 00 00 01 11 10 00 00 00 01 10 00 00 00 01 10 00 00 00 0
0 00 00 01 10 00 00 00 00 01 11 10 01 11 11 10 01 11 10 00 0
0 00 00 01 11 11 11 10 00 01 11 10 01 10 01 11 10 01 11 10 0
0 00 00 00 01 11 10 00 00 00 00 00 00 01 11 10 01 11 10 00 0
0 00 00 00 00 00 00 00 00 00 00 00 00 00 00 00 00 00 00 00 0
0 00 00 00 00 00 00 00 00 00 00 00 00 00 00 00 00 00 00 00 0
0 00 00 00 00 00 00 00 00 00 00 00 00 00 00 00 00 00 00 00 0
0 00 00 00 00 00 00 00 00 00 00 00 00 00 00 00 00 00 00 00 0
0 00 00 00 00 00 00 00 00 00 00 00 00 00 00 00 00 00 00 00 0
0 00 00 00 00 00 00 00 00 00 00 00 00 00 00 00 00 00 00 00 0
---
0 01 11 11 10 01 10 00 00 00 00 00 00 00 00 00 00 00 00 00 0
0 01 11 11 10 00 00 00 00 00 00 00 00 00 00 00 00 00 00 00 0
0 00 01 10 00 00 01 10 00 00 01 11 10 00 00 00 00 00 00 00 0
0 00 01 10 00 01 10 00 00 01 10 00 01 10 00 00 00 00 00 00 0
0 00 01 10 00 01 10 00 00 00 01 11 10 00 00 00 00 00 00 00 0
0 00 00 00 00 00 00 00 00 00 00 00 00 00 00 00 01 11 11 10 0
0 00 00 00 00 00 00 00 00 00 00 00 00 00 00 00 00 00 00 00 0
0 00 00 00 00 00 00 00 00 00 00 00 00 00 00 00 00 00 00 00 0
0 00 00 00 00 00 01 11 11 10 00 00 00 00 00 00 00 00 00 00 0
0 00 00 00 01 11 11 11 11 11 10 00 00 00 00 00 00 00 00 00 0
0 00 00 00 01 11 10 01 10 00 01 11 10 01 11 11 11 10 00 00 0
0 00 00 01 10 00 01 10 00 00 00 00 01 10 00 00 00 01 11 10 0
0 00 00 01 10 00 01 10 00 01 11 10 01 10 00 00 00 00 01 10 0
0 00 00 01 10 00 01 10 00 00 00 00 00 01 11 10 01 11 11 10 0
0 00 00 00 00 00 00 00 00 00 00 00 00 00 00 00 00 00 00 00 0
0 00 00 00 00 00 00 00 00 00 00 00 00 00 00 00 00 00 00 00 0
0 00 00 00 00 00 00 00 00 00 00 00 00 00 00 00 00 00 00 00 0
0 00 00 00 00 00 00 00 00 00 00 00 00 00 00 00 00 00 00 00 0
0 00 00 00 00 00 00 00 00 00 00 00 00 00 00 00 00 00 00 00 0
0 00 00 00 00 00 00 00 00 00 00 00 00 00 00 00 00 00 00 00 0
---
0 01 10 01 11 10 00 00 00 00 00 00 00 00 00 00 00 00 00 00 0
0 00 00 00 01 10 00 00 00 00 00 00 00 00 00 00 00 00 00 00 0
0 00 00 00 00 00 00 00 00 00 01 11 10 00 00 00 00 00 00 00 0
0 01 11 11 10 01 11 10 00 01 10 00 01 10 00 00 00 00 00 00 0
0 00 00 00 00 00 00 00 00 00 01 11 10 00 00 00 00 01 10 00 0
0 00 00 00 00 00 00 00 00 00 00 00 00 00 00 00 00 01 10 00 0
0 00 00 00 00 00 00 00 00 00 00 00 00 00 00 00 00 01 10 00 0
0 00 00 00 00 00 00 01 10 00 00 00 00 00 00 00 00 00 00 00 0
0 00 00 00 00 00 00 00 00 01 10 00 00 00 00 00 00 00 00 00 0
0 00 00 00 01 10 00 00 00 01 11 10 00 00 01 11 10 00 00 00 0
0 00 00 01 10 00 00 00 00 01 11 11 11 11 11 11 11 11 10 00 0
0 00 00 01 10 00 01 11 10 01 10 00 01 10 01 11 11 11 11 10 0
0 00 01 11 11 11 11 11 10 00 00 01 11 10 00 00 01 10 00 01 1
0 00 00 00 00 00 00 00 00 00 00 00 00 01 10 00 00 01 11 10 0
0 00 00 00 00 00 00 00 00 00 00 00 00 00 00 00 00 01 10 00 0
0 00 00 00 00 00 00 00 00 00 00 00 00 00 00 00 00 00 00 00 0
0 00 00 00 00 00 00 00 00 00 00 00 00 00 00 00 00 00 00 00 0
0 00 00 00 00 00 00 00 00 00 00 00 00 00 00 00 00 00 00 00 0
0 00 00 00 00 00 00 00 00 00 00 00 00 00 00 00 00 00 00 00 0
0 00 00 00 00 00 00 00 00 00 00 00 00 00 00 00 00 00 00 00 0
---
0 00 00 01 11 10 00 00 00 00 00 00 00 00 00 00 00 00 00 00 0
0 00 00 01 11 10 00 00 00 00 00 00 00 00 00 00 00 00 00 00 0
0 00 01 11 11 11 10 00 00 00 01 11 10 00 00 00 00 00 00 00 0
0 00 01 10 00 00 00 00 00 01 10 00 01 10 00 00 00 00 00 00 0
0 00 01 10 00 00 00 00 00 00 01 11 10 00 00 00 00 00 00 00 0
0 00 00 00 00 00 00 00 00 00 00 00 00 00 00 00 01 11 11 10 0
0 00 00 00 00 00 00 00 00 00 00 00 00 00 00 00 00 00 00 00 0
0 00 00 00 00 00 00 00 00 00 00 00 00 00 00 00 00 00 00 00 0
0 00 00 00 00 00 00 00 01 11 11 10 00 00 00 00 00 00 00 00 0
0 00 00 00 00 00 00 00 01 10 00 00 01 10 00 00 00 00 00 00 0
0 00 00 01 11 10 00 00 00 00 00 00 01 10 00 00 00 00 01 10 0
0 00 00 00 00 00 00 01 10 01 10 00 00 00 00 00 00 00 01 10 0
0 00 01 11 11 11 10 01 11 10 00 01 11 10 01 10 00 00 00 01 1
0 00 00 01 11 11 11 10 00 00 00 00 01 10 00 00 01 11 11 10 0
0 00 00 00 00 00 00 00 00 00 00 00 00 00 00 00 00 01 11 10 0
0 00 00 00 00 00 00 00 00 00 00 00 00 00 00 00 00 00 00 00 0
0 00 00 00 00 00 00 00 00 00 00 00 00 00 00 00 00 00 00 00 0
0 00 00 00 00 00 00 00 00 00 00 00 00 00 00 00 00 00 00 00 0
0 00 00 00 00 00 00 00 00 00 00 00 00 00 00 00 00 00 00 00 0
0 00 00 00 00 00 00 00 00 00 00 00 00 00 00 00 00 00 00 00 0
---
0 00 00 01 11 10 00 00 00 00 00 00 00 00 00 00 00 00 00 00 0
0 00 00 00 00 00 00 00 00 00 00 00 00 00 00 00 00 00 00 00 0
0 00 01 10 00 01 10 00 00 00 01 11 10 00 00 00 00 00 00 00 0
0 01 11 10 01 10 00 00 00 01 10 00 01 10 00 00 00 00 00 00 0
0 00 00 00 00 00 00 00 00 00 01 11 10 00 00 00 00 01 10 00 0
0 00 00 00 00 00 00 00 00 00 00 00 00 00 00 00 00 01 10 00 0
0 00 00 00 00 00 00 00 00 00 00 00 00 00 00 00 00 01 10 00 0
0 00 00 00 00 00 00 00 00 01 10 00 00 00 00 00 00 00 00 00 0
0 00 00 00 00 00 00 00 01 11 10 00 00 00 00 00 00 00 00 00 0
0 00 00 00 00 00 00 00 01 10 00 01 10 00 00 00 00 00 00 00 0
0 00 00 00 00 00 00 00 01 10 00 00 00 00 00 00 00 00 00 00 0
0 00 01 10 00 01 11 11 10 00 00 01 11 11 10 00 00 00 01 11 1
0 00 01 10 00 00 00 01 11 10 00 01 11 11 10 00 00 00 00 01 1
0 00 01 10 00 00 01 11 10 00 00 01 11 11 10 00 01 10 00 01 1
0 00 00 00 01 11 10 00 00 00 00 00 00 00 00 00 01 10 01 10 0
0 00 00 00 00 00 00 00 00 00 00 00 00 00 00 00 00 00 00 00 0
0 00 00 00 00 00 00 00 00 00 00 00 00 00 00 00 00 00 00 00 0
0 00 00 00 00 00 00 00 00 00 00 00 00 00 00 00 00 00 00 00 0
0 00 00 00 00 00 00 00 00 00 00 00 00 00 00 00 00 00 00 00 0
0 00 00 00 00 00 00 00 00 00 00 00 00 00 00 00 00 00 00 00 0
---
0 00 00 00 00 00 00 00 00 00 00 00 00 00 00 00 00 00 00 00 0
0 00 00 01 11 10 00 00 00 00 00 00 00 00 00 00 00 00 00 00 0
0 01 11 11 10 00 00 00 00 00 01 11 10 00 00 00 00 00 00 00 0
0 01 11 11 10 00 00 00 00 01 10 00 01 10 00 00 00 00 00 00 0
0 00 00 00 00 00 00 00 00 00 01 11 10 00 00 00 00 00 00 00 0
0 00 00 00 00 00 00 00 00 00 00 00 00 00 00 00 01 11 11 10 0
0 00 00 00 00 00 00 00 00 00 00 00 00 00 00 00 00 00 00 00 0
0 00 00 00 00 00 00 00 01 11 10 00 00 00 00 00 00 00 00 00 0
0 00 00 00 00 00 00 00 01 11 11 10 00 00 00 00 00 00 00 00 0
0 00 00 00 00 00 00 01 11 10 00 00 00 00 00 00 00 00 00 00 0
0 00 00 00 00 00 01 10 01 10 00 01 10 00 00 00 00 00 00 00 0
0 00 00 00 00 00 01 10 00 00 00 01 10 01 10 00 00 00 01 11 1
0 01 11 11 10 01 10 00 01 10 01 10 00 00 01 10 00 00 00 01 1
0 00 00 01 10 01 11 11 11 10 00 01 10 01 10 00 00 01 11 11 1
0 00 00 00 00 01 11 10 00 00 00 00 01 10 00 00 00 01 10 00 0
0 00 00 00 00 00 00 00 00 00 00 00 00 00 00 00 00 00 00 00 0
0 00 00 00 00 00 00 00 00 00 00 00 00 00 00 00 00 00 00 00 0
0 00 00 00 00 00 00 00 00 00 00 00 00 00 00 00 00 00 00 00 0
0 00 00 00 00 00 00 00 00 00 00 00 00 00 00 00 00 00 00 00 0
0 00 00 00 00 00 00 00 00 00 00 00 00 00 00 00 00 00 00 00 0
---
0 00 00 00 00 00 00 00 00 00 00 00 00 00 00 00 00 00 00 00 0
0 00 00 01 11 10 00 00 00 00 00 00 00 00 00 00 00 00 00 00 0
0 01 10 00 00 00 00 00 00 00 01 11 10 00 00 00 00 00 00 00 0
0 01 10 01 10 00 00 00 00 01 10 00 01 10 00 00 00 00 00 00 0
0 00 01 10 00 00 00 00 00 00 01 11 10 00 00 00 00 01 10 00 0
0 00 00 00 00 00 00 00 00 00 00 00 00 00 00 00 00 01 10 00 0
0 00 00 00 00 00 00 00 00 00 00 00 00 00 00 00 00 01 10 00 0
0 00 00 00 00 00 00 00 01 10 01 10 00 00 00 00 00 00 00 00 0
0 00 00 00 00 00 00 00 00 00 01 10 00 00 00 00 00 00 00 00 0
0 00 00 00 00 00 00 00 00 00 01 10 00 00 00 00 00 00 00 00 0
0 00 00 00 00 00 01 10 01 10 00 00 01 10 00 00 00 00 00 00 0
0 00 01 10 00 01 11 10 00 01 11 11 11 10 00 00 00 00 01 11 1
0 00 01 11 10 01 10 00 01 11 11 11 10 01 11 10 00 01 10 00 0
0 00 00 01 10 00 00 00 01 11 10 01 11 11 10 00 00 01 10 01 1
0 00 00 00 01 11 10 00 00 00 00 00 01 10 00 00 00 01 10 00 0
0 00 00 00 00 00 00 00 00 00 00 00 00 00 00 00 00 00 00 00 0
0 00 00 00 00 00 00 00 00 00 00 00 00 00 00 00 00 00 00 00 0
0 00 00 00 00 00 00 00 00 00 00 00 00 00 00 00 00 00 00 00 0
0 00 00 00 00 00 00 00 00 00 00 00 00 00 00 00 00 00 00 00 0
0 00 00 00 00 00 00 00 00 00 00 00 00 00 00 00 00 00 00 00 0
---
